//private static Biome[] types = {SEA, ICE, TUNDRA, DESERT, STEPPE, FOREST, RAINFOREST};
//private static Terrain[] types = {SHALLOW_SEA, DEEP_SEA, ISLANDS, PLAINS, HILLS, CLIFFS, MOUNTAINS};
//Vertically is by biome, horizontally is by terrain shape

Resource/Wheat
0.00 0.00 0.00 0.00 0.00 0.00 0.00
0.00 0.00 0.00 0.01 0.00 0.00 0.00
0.00 0.00 0.01 0.03 0.01 0.00 0.00
0.00 0.00 0.01 0.00 0.00 0.00 0.00
0.00 0.00 0.03 0.05 0.03 0.01 0.00
0.00 0.00 0.01 0.01 0.01 0.00 0.00
0.00 0.00 0.01 0.01 0.00 0.00 0.00

Resource/Fish
0.05 0.15 0.00 0.00 0.00 0.00 0.00
0.00 0.00 0.05 0.03 0.01 0.00 0.00
0.00 0.00 0.05 0.03 0.01 0.00 0.00
0.00 0.00 0.01 0.00 0.00 0.00 0.00
0.00 0.00 0.02 0.01 0.01 0.00 0.00
0.00 0.00 0.05 0.03 0.02 0.01 0.00
0.00 0.00 0.05 0.03 0.03 0.03 0.01

Resource/Branches
0.00 0.00 0.00 0.00 0.00 0.00 0.00
0.00 0.00 0.00 0.00 0.00 0.00 0.00
0.00 0.00 0.00 0.00 0.00 0.00 0.00
0.00 0.00 0.00 0.00 0.00 0.00 0.00
0.00 0.00 0.00 0.00 0.00 0.00 0.00
0.00 0.00 0.00 0.00 0.00 0.00 0.00
0.00 0.00 0.00 0.00 0.00 0.00 0.00

Resource/Logs
0.00 0.00 0.00 0.00 0.00 0.00 0.00
0.00 0.00 0.00 0.00 0.00 0.00 0.00
0.00 0.00 0.00 0.00 0.00 0.00 0.00
0.00 0.00 0.00 0.00 0.00 0.00 0.00
0.00 0.00 0.00 0.00 0.00 0.00 0.00
0.00 0.00 0.00 0.00 0.00 0.00 0.00
0.00 0.00 0.00 0.00 0.00 0.00 0.00

Resource/Ice
0.00 0.00 0.00 0.00 0.00 0.00 0.00
0.00 0.00 1.00 1.00 1.00 1.00 1.00
0.00 0.00 0.00 0.00 0.00 0.00 0.00
0.00 0.00 0.00 0.00 0.00 0.00 0.00
0.00 0.00 0.00 0.00 0.00 0.00 0.00
0.00 0.00 0.00 0.00 0.00 0.00 0.00
0.00 0.00 0.00 0.00 0.00 0.00 0.00

Resource/Stone
0.00 0.00 0.00 0.00 0.00 0.00 0.00
0.00 0.00 0.00 0.00 0.00 0.00 0.00
0.00 0.00 0.00 0.00 0.00 0.00 0.00
0.00 0.00 0.00 0.00 0.00 0.00 0.00
0.00 0.00 0.00 0.00 0.00 0.00 0.00
0.00 0.00 0.00 0.00 0.00 0.00 0.00
0.00 0.00 0.00 0.00 0.00 0.00 0.00

Resource/Clay
0.00 0.00 0.00 0.00 0.00 0.00 0.00
0.00 0.00 0.00 0.00 0.00 0.00 0.00
0.00 0.00 0.00 0.00 0.00 0.00 0.00
0.00 0.00 0.00 0.00 0.00 0.00 0.00
0.00 0.00 0.00 0.00 0.00 0.00 0.00
0.00 0.00 0.00 0.00 0.00 0.00 0.00
0.00 0.00 0.00 0.00 0.00 0.00 0.00

Resource/Sand
0.00 0.00 0.00 0.00 0.00 0.00 0.00
0.00 0.00 0.00 0.00 0.00 0.00 0.00
0.00 0.00 0.00 0.00 0.00 0.00 0.00
0.00 0.00 0.00 0.00 0.00 0.00 0.00
0.00 0.00 0.00 0.00 0.00 0.00 0.00
0.00 0.00 0.00 0.00 0.00 0.00 0.00
0.00 0.00 0.00 0.00 0.00 0.00 0.00